0000000000000001
0000000000000000
0000000000000000
0111111111111111
0111111111111111
0111111111111111
0000000000000000
0000000000000000
0000000000000001
0000000000000001
0000000000000001
0000000000000000
0111111111111111
0111111111111111
0111111111111111
0111111111111111
0000000000000000
0000000000000010
0000000000000011
0000000000000010
0000000000000001
0111111111111111
0111111111111111
0111111111111111
0111111111111111
0000000000000000
0000000000000011
0000000000000101
0000000000000101
0000000000000011
0111111111111111
0111111111111111
0111111111111111
0111111111111111
0111111111111111
0000000000000011
0000000000000111
0000000000001000
0000000000000110
0000000000000000
0111111111111111
0111111111111111
0111111111111111
0111111111111111
0000000000000010
0000000000001010
0000000000001101
0000000000001011
0000000000000100
0111111111111111
0111111111111111
0111111111111111
0111111111111111
0000000000000000
0000000000001100
0000000000010100
0000000000010011
0000000000001010
0111111111111111
0111111111111111
0111111111111111
0111111111111111
0111111111111111
0000000000001101
0000000000011011
0000000000011110
0000000000010100
0111111111111111
0111111111111111
0111111111111111
0111111111111111
0111111111111111
0000000000001010
0000000000100010
0000000000101100
0000000000100010
0000000000001001
0111111111111111
0111111111111111
0111111111111111
0111111111111111
0000000000000011
0000000000100111
0000000000111011
0000000000110111
0000000000011001
0111111111111111
0111111111111111
0111111111111111
0111111111111111
0111111111111111
0000000000100111
0000000001001101
0000000001010001
0000000000110001
0111111111111111
0111111111111111
0111111111111111
0111111111111111
0111111111111111
0000000000100001
0000000001011101
0000000001110010
0000000001010101
0000000000001111
0111111111111111
0111111111111111
0111111111111111
0111111111111111
0000000000010000
0000000001101010
0000000010011010
0000000010000111
0000000000110110
0111111111111111
0111111111111111
0111111111111111
0111111111111111
0111111111111111
0000000001110000
0000000011001001
0000000011001101
0000000001110100
0111111111111111
0111111111111111
0111111111111111
0111111111111111
0111111111111111
0000000001101001
0000000100000010
0000000100110001
0000000011011001
0000000000010101
0111111111111111
0111111111111111
0111111111111111
0111111111111111
0000000001001001
0000000101001110
0000000111010101
0000000110010001
0000000010001010
0111111111111111
0111111111111111
0111111111111111
0111111111111111
0111111111111111
0000000111010111
0000001100111010
0000001101010011
0000000111010011
0111111111111111
0111111111111111
0111111111111111
0111111111111111
0111111111111111
0000010001010100
0000110000101111
0001001111011111
0001100101111001
0001101110000101
0001100101111001
0001001111011111
0000110000101111
0000010001010100
0111111111111111
0111111111111111
0111111111111111
0111111111111111
0111111111111111
0000000111010011
0000001101010011
0000001100111010
0000000111010111
0111111111111111
0111111111111111
0111111111111111
0111111111111111
0111111111111111
0000000010001010
0000000110010001
0000000111010101
0000000101001110
0000000001001001
0111111111111111
0111111111111111
0111111111111111
0111111111111111
0000000000010101
0000000011011001
0000000100110001
0000000100000010
0000000001101001
0111111111111111
0111111111111111
0111111111111111
0111111111111111
0111111111111111
0000000001110100
0000000011001101
0000000011001001
0000000001110000
0111111111111111
0111111111111111
0111111111111111
0111111111111111
0111111111111111
0000000000110110
0000000010000111
0000000010011010
0000000001101010
0000000000010000
0111111111111111
0111111111111111
0111111111111111
0111111111111111
0000000000001111
0000000001010101
0000000001110010
0000000001011101
0000000000100001
0111111111111111
0111111111111111
0111111111111111
0111111111111111
0111111111111111
0000000000110001
0000000001010001
0000000001001101
0000000000100111
0111111111111111
0111111111111111
0111111111111111
0111111111111111
0111111111111111
0000000000011001
0000000000110111
0000000000111011
0000000000100111
0000000000000011
0111111111111111
0111111111111111
0111111111111111
0111111111111111
0000000000001001
0000000000100010
0000000000101100
0000000000100010
0000000000001010
0111111111111111
0111111111111111
0111111111111111
0111111111111111
0111111111111111
0000000000010100
0000000000011110
0000000000011011
0000000000001101
0111111111111111
0111111111111111
0111111111111111
0111111111111111
0111111111111111
0000000000001010
0000000000010011
0000000000010100
0000000000001100
0000000000000000
0111111111111111
0111111111111111
0111111111111111
0111111111111111
0000000000000100
0000000000001011
0000000000001101
0000000000001010
0000000000000010
0111111111111111
0111111111111111
0111111111111111
0111111111111111
0000000000000000
0000000000000110
0000000000001000
0000000000000111
0000000000000011
0111111111111111
0111111111111111
0111111111111111
0111111111111111
0111111111111111
0000000000000011
0000000000000101
0000000000000101
0000000000000011
0000000000000000
0111111111111111
0111111111111111
0111111111111111
0111111111111111
0000000000000001
0000000000000010
0000000000000011
0000000000000010
0000000000000000
0111111111111111
0111111111111111
0111111111111111
0111111111111111
0000000000000000
0000000000000001
0000000000000001
0000000000000001
0000000000000000
0000000000000000
0111111111111111
0111111111111111
0111111111111111
0000000000000000
0000000000000000
0000000000000001
